10
12 867 3796 2423 3631 4272 879 1337 4845 4090 4832 2392 4324
6 4 6 8 9 10 11
20
1 2
1 3
1 4
1 5
1 6
1 7
1 8
1 9
1 10
1 11
2 12
3 12
4 12
5 12
6 12
7 12
8 12
9 12
10 12
11 12
12 897 2584 1692 476 3293 590 4647 742 3456 1695 474 3159
1 9
17
1 2
1 3
1 4
1 5
2 6
2 7
3 7
3 8
4 7
4 8
5 7
6 9
7 10
8 12
9 11
10 12
11 12
12 2718 305 1312 1327 2482 4243 518 2686 4660 2321 4929 2117
2 4 5
15
1 2
1 3
1 4
1 8
1 11
2 6
3 6
4 5
5 12
6 7
7 9
8 12
9 10
10 12
11 12
12 2085 4231 866 360 4683 2528 1734 2679 2242 4259 1412 3850
5 2 3 5 11 12
19
1 2
1 3
1 4
1 5
1 6
1 7
1 8
1 10
1 11
2 12
3 12
4 12
5 12
6 12
7 9
8 9
9 12
10 12
11 12
12 1609 1667 4975 1729 2366 556 3832 389 112 4681 500 2945
3 1 5 9
19
1 2
1 3
1 4
1 5
1 6
1 7
1 8
1 9
1 10
2 12
3 12
4 12
5 11
6 11
7 12
8 11
9 11
10 11
11 12
12 522 4696 3920 1444 4014 3589 1342 320 4894 1016 4940 829
7 2 3 5 7 9 10 11
18
1 2
1 3
1 4
1 5
1 6
1 7
2 8
3 8
3 10
4 9
4 10
5 12
6 10
7 10
8 12
9 12
10 11
11 12
12 2979 3827 2670 232 1174 2770 1653 3975 3373 4606 4482 2261
9 1 3 4 5 6 8 9 10 11
17
1 2
1 3
1 4
1 5
1 11
2 6
3 12
4 12
5 12
6 7
6 8
7 9
8 9
8 10
9 12
10 12
11 12
12 1733 324 4252 2084 2551 3926 4370 4263 2097 1640 3728 869
6 1 2 4 5 6 11
18
1 2
1 3
1 6
1 7
1 8
1 9
1 11
2 5
3 4
3 5
4 10
5 10
6 12
7 10
8 12
9 12
10 12
11 12
12 3815 1345 3790 2532 817 2593 4030 10 441 3025 622 3161
7 1 2 3 7 8 9 10
20
1 2
1 3
1 4
1 5
1 11
2 8
2 9
3 6
3 7
3 8
4 7
4 8
4 9
5 10
6 10
7 10
8 12
9 10
10 12
11 12
12 2837 481 4170 2796 573 3948 1515 3523 881 726 928 1014
5 4 5 6 10 11
18
1 2
1 3
1 5
1 7
1 8
1 10
1 11
2 4
2 6
3 12
4 9
5 12
6 9
7 12
8 9
9 12
10 12
11 12
